PI: 3.14159
E: 2.71828
sin(pi/2): 1.0000
cos(0): 1.0000
tan(pi/4): 1.0000
asin(1): 1.5708
log(e): 1.0000
log10(1000): 3.0000
exp(0): 1.0000
(1/3)^2: 0.111111
hypot(3,4): 5.0
degrees(pi): 180.0
sign(42): 1.0
sign(-1): -1.0
math works
