PI: 3.141593
E: 2.718282
sin(1): 0.8415
cos(0): 1.0000
atan(1): 0.7854
asin(0.5): 0.5236
acos(0.5): 1.0472
exp(1): 2.7183
exp(0): 1.0000
sqrt(25): 5.0
pow(2,10): 1024
degrees(pi): 180.0
radians(180): 3.1416
abs(-2.5): 2.5
sign(42): 1.0
sign(-1): -1.0
math works
